(
    Err(
        VRTrackedCameraError_InvalidArgument(114),
    ),
    Err(
        VRTrackedCameraError_InvalidArgument(114),
    ),
    Err(
        VRTrackedCameraError_InvalidArgument(114),
    ),
    Err(
        VRTrackedCameraError_InvalidArgument(114),
    ),
    Ok(
        Intrinsics {
            focal_length: [
                418.4158,
                418.62662,
            ],
            center: [
                479.64423,
                485.78647,
            ],
        },
    ),
    Ok(
        Intrinsics {
            focal_length: [
                418.42712,
                418.59064,
            ],
            center: [
                489.9468,
                479.29834,
            ],
        },
    ),
    Ok(
        [
            [
                0.30509487,
                0.0,
                -0.00015032291,
                0.0,
            ],
            [
                0.0,
                0.6104972,
                0.013096809,
                0.0,
            ],
            [
                0.0,
                0.0,
                -1.0001,
                -0.010001,
            ],
            [
                0.0,
                0.0,
                -1.0,
                0.0,
            ],
        ],
    ),
    Ok(
        [
            [
                0.30510312,
                0.0,
                -0.010882139,
                0.0,
            ],
            [
                0.0,
                0.61044466,
                -0.00042009354,
                0.0,
            ],
            [
                0.0,
                0.0,
                -1.0001,
                -0.010001,
            ],
            [
                0.0,
                0.0,
                -1.0,
                0.0,
            ],
        ],
    ),
    Ok(
        Intrinsics {
            focal_length: [
                418.4158,
                418.62662,
            ],
            center: [
                479.64423,
                485.78647,
            ],
        },
    ),
    Ok(
        Intrinsics {
            focal_length: [
                418.42712,
                418.59064,
            ],
            center: [
                489.9468,
                479.29834,
            ],
        },
    ),
    Ok(
        [
            [
                0.30509487,
                0.0,
                0.49984974,
                0.0,
            ],
            [
                0.0,
                0.6104972,
                0.013096809,
                0.0,
            ],
            [
                0.0,
                0.0,
                -1.0001,
                -0.010001,
            ],
            [
                0.0,
                0.0,
                -1.0,
                0.0,
            ],
        ],
    ),
    Ok(
        [
            [
                0.30510312,
                0.0,
                0.48911786,
                0.0,
            ],
            [
                0.0,
                0.61044466,
                -0.00042009354,
                0.0,
            ],
            [
                0.0,
                0.0,
                -1.0001,
                -0.010001,
            ],
            [
                0.0,
                0.0,
                -1.0,
                0.0,
            ],
        ],
    ),
)