(
    Err(
        VRTrackedCameraError_InvalidArgument(114),
    ),
    Err(
        VRTrackedCameraError_InvalidArgument(114),
    ),
    Err(
        VRTrackedCameraError_InvalidArgument(114),
    ),
    Err(
        VRTrackedCameraError_InvalidArgument(114),
    ),
    Ok(
        Intrinsics {
            focal_length: [
                416.31412,
                416.58444,
            ],
            center: [
                479.95514,
                494.65494,
            ],
        },
    ),
    Ok(
        Intrinsics {
            focal_length: [
                418.08398,
                418.51102,
            ],
            center: [
                498.6951,
                489.7657,
            ],
        },
    ),
    Ok(
        [
            [
                0.3035624,
                0.0,
                -0.00047421455,
                0.0,
            ],
            [
                0.0,
                0.607519,
                0.03157282,
                0.0,
            ],
            [
                0.0,
                0.0,
                -1.0001,
                -0.010001,
            ],
            [
                0.0,
                0.0,
                -1.0,
                0.0,
            ],
        ],
    ),
    Ok(
        [
            [
                0.3048529,
                0.0,
                -0.019994974,
                0.0,
            ],
            [
                0.0,
                0.61032856,
                0.021386862,
                0.0,
            ],
            [
                0.0,
                0.0,
                -1.0001,
                -0.010001,
            ],
            [
                0.0,
                0.0,
                -1.0,
                0.0,
            ],
        ],
    ),
    Ok(
        Intrinsics {
            focal_length: [
                416.31412,
                416.58444,
            ],
            center: [
                479.95514,
                494.65494,
            ],
        },
    ),
    Ok(
        Intrinsics {
            focal_length: [
                418.08398,
                418.51102,
            ],
            center: [
                498.6951,
                489.7657,
            ],
        },
    ),
    Ok(
        [
            [
                0.3035624,
                0.0,
                0.49952585,
                0.0,
            ],
            [
                0.0,
                0.607519,
                0.03157282,
                0.0,
            ],
            [
                0.0,
                0.0,
                -1.0001,
                -0.010001,
            ],
            [
                0.0,
                0.0,
                -1.0,
                0.0,
            ],
        ],
    ),
    Ok(
        [
            [
                0.3048529,
                0.0,
                0.4800051,
                0.0,
            ],
            [
                0.0,
                0.61032856,
                0.021386862,
                0.0,
            ],
            [
                0.0,
                0.0,
                -1.0001,
                -0.010001,
            ],
            [
                0.0,
                0.0,
                -1.0,
                0.0,
            ],
        ],
    ),
)